/*
  colonnes :		0	1	2	3	4	5	6
lignes :	0	0,0	0,1	0,2	0,3	0,4	0,5	0,6							
		1	1,0	1,1	1,2	1,3	1,4	1,5	1,6
		2	2,0	2,1	2,2	2,3	2,4	2,5	2,6
		3	3,0	3,1	3,2	3,3	3,4	3,5	3,6
		4	4,0	4,1	4,2	4,3	4,4	4,5	4,6
		5	5,0	5,1	5,2	5,3	5,4	5,5	5,6


Alignements possibles : 
  Sur les lignes :
    Pour i dans [0,5] 
    i,0 | i,1 | i,2 | i,3 
    i,1 | i,2 | i,3 | i,4 
    i,2 | i,3 | i,4 | i,5 
    i,3 | i,4 | i,5 | i,6 

  Sur les colonnes : 
    Pour j dans [0,6]
    0,j | 1,j | 2,j | 3,j
    1,j | 2,j | 3,j | 4,j
    2,j | 3,j | 4,j | 5,j

  Sur les diagonales :
    Sens \\\\\\ :
    0,3 | 1,4 | 2,5 | 3,6		2,0 | 3,1 | 4,2 | 5,3

    0,2 | 1,3 | 2,4 | 3,5		1,0 | 2,1 | 3,2 | 4,3
    1,3 | 2,4 | 3,5 | 4,6		2,1 | 3,2 | 4,3 | 5,4

    0,1 | 1,2 | 2,3 | 3,4		0,0 | 1,1 | 2,2 | 3,3
    1,2 | 2,3 | 3,4 | 4,5		1,1 | 2,2 | 3,3 | 4,4
    2,3 | 3,4 | 4,5 | 5,6		2,2 | 3,3 | 4,4 | 5,5

    Sens ////// :
    0,3 | 1,2 | 2,1 | 3,0		2,6 | 3,5 | 4,4 | 5,3

    0,4 | 1,3 | 2,2 | 3,1		1,6 | 2,5 | 3,4 | 4,3		
    1,3 | 2,2 | 3,1 | 4,0		2,5 | 3,4 | 4,3 | 5,2

    0,5 | 1,4 | 2,3 | 3,2		0,6 | 1,5 | 2,4 | 3,3
    1,4 | 2,3 | 3,2 | 4,1		1,5 | 2,4 | 3,3 | 4,2
    2,3 | 3,2 | 4,1 | 5,0		2,4 | 3,3 | 4,2 | 5,1
*/










    
    
















*/
